0
0
0
0
0
0
0
0
0
0
65336
0
0
0
0
0
0
0
0
0
0
0
0
0
0
0
0
0
0
0
0
0
515620
3923
17968
1
2
1
0
7524
670
670
298
0
39886
6034
30804
29
170
359
138
58
23
51
55
39
174
35
998
1145
0
2
0
3136
2
6210
3589
1771
2015
1868
1939
1300
4010
7402
308
1186
707
3267
3602
1597
6152
35
2688
2979
6439
277
934
2884
349
1265
108
1
0
1
0
0
0
199222
31054
59487
116263
312954
52948
50020
163021
166346
2266
19230
95808
58375
180554
191236
39014
2295
145367
159903
219583
65148
25967
56317
3711
44999
2280
0
0
0
0
0
0
0
0
0
0
0
0
0
0
0
0
0
0
0
0
0
0
0
0
0
0
0
0
0
0
0
0
0
0
0
0
0
0
0
0
0
0
0
0
0
0
0
0
0
0
0
0
0
0
0
0
0
0
0
0
0
0
0
0
0
0
0
0
0
0
0
0
0
0
0
0
0
0
0
0
0
0
0
0
0
0
0
0
0
0
0
0
0
0
0
0
0
0
0
0
0
0
0
0
0
0
0
0
0
0
0
0
0
0
0
0
0
0
0
0
0
0
0
0
0
0
0
0
0
0
0
0
0
